service_id,monday,tuesday,wednesday,thursday,friday,saturday,sunday,start_date,end_date
T0,1,1,1,1,1,0,0,20190726,20191214
T0#1,1,1,1,1,1,0,0,20190416,20190910
T0#2,1,1,1,1,1,0,0,20190704,20190930
T0#3,1,1,1,1,1,0,0,20190805,20191214
T0#4,1,1,1,1,1,0,0,20190401,20191214
T0#5,1,1,1,1,1,0,0,20181209,20191214
T0+02l20,0,0,1,0,0,0,0,20190416,20190910
T0+09130,1,1,1,0,1,0,0,20190726,20191214
T0+0bz20,1,1,1,1,1,0,0,20190704,20190930
T0+1gb30,1,1,0,0,1,0,0,20190805,20191214
T0+1i130,1,1,0,0,0,0,0,20190726,20191214
T0+1i130#1,1,1,0,0,0,0,0,20190805,20191214
T0+1q830,0,0,1,0,1,0,0,20190805,20191214
T0+207,0,0,0,0,1,0,0,20190726,20191214
T0+24y20,1,1,1,1,0,0,0,20190704,20190930
T0+27y20,1,1,1,0,0,0,0,20190704,20190930
T0+2fx20,0,1,0,0,1,0,0,20190704,20190930
T0+2j130,1,1,0,0,1,0,0,20190726,20191214
T0+2kd30,0,1,1,0,1,0,0,20190805,20191214
T0+38w20,1,1,1,1,1,0,0,20190704,20190930
T0+3c130,1,1,1,1,1,0,0,20190726,20191214
T0+3c130#1,1,1,1,1,1,0,0,20190805,20191214
T0+3hp20,0,1,0,0,0,0,0,20190416,20190910
T0+3jo20,0,1,1,1,1,0,0,20190416,20190910
T0+3w930,1,1,0,0,1,0,0,20190805,20191214
T0+3x230,1,1,0,0,0,0,0,20190726,20191214
T0+3x230#1,1,1,0,0,0,0,0,20190805,20191214
T0+4sy20,1,0,0,0,1,0,0,20190704,20190930
T0+4u130,0,1,0,1,0,0,0,20190726,20191214
T0+4u130#1,0,1,0,1,0,0,0,20190805,20191214
T0+51x20,0,1,0,1,0,0,0,20190704,20190930
T0+56p20,1,0,0,0,1,0,0,20190416,20190910
T0+5dm20,1,1,0,0,0,0,0,20190416,20190910
T0+5p330,1,1,1,1,1,0,0,20190726,20191214
T0+5r230,1,1,1,0,1,0,0,20190726,20191214
T0+5wo20,0,1,1,0,1,0,0,20190416,20190910
T0+6b030,1,1,0,1,1,0,0,20190726,20191214
T0+6ex20,1,0,1,1,0,0,0,20190704,20190930
T0+6fx20,0,1,0,0,0,0,0,20190704,20190930
T0+6p930,1,1,1,1,1,0,0,20190805,20191214
T0+6xa30,0,1,0,0,1,0,0,20190805,20191214
T0+6xw20,1,1,0,0,1,0,0,20190704,20190930
T0+71c30,1,1,1,1,1,0,0,20190805,20191214
T0+74530,0,1,1,1,1,0,0,20190726,20191214
T0+7i030,1,1,0,1,1,0,0,20190726,20191214
T0+7i030#1,1,1,0,1,1,0,0,20190805,20191214
T0+84030,1,1,1,1,1,0,0,20190726,20191214
T0+8cb20,1,1,1,1,1,0,0,20190401,20191214
T0+8j030,1,1,1,1,1,0,0,20190726,20191214
T0+8tw20,1,1,1,1,1,0,0,20190704,20190930
T0+9b130,1,1,1,1,1,0,0,20190726,20191214
T0+9i530,1,0,0,1,0,0,0,20190726,20191214
T0+9i530#1,1,0,0,1,0,0,0,20190805,20191214
T0+9oy20,1,0,0,1,0,0,0,20190704,20190930
T0+a5d30,0,0,0,0,1,0,0,20190805,20191214
T0+a6,0,0,0,0,1,0,0,20181209,20191214
T0+a8,1,1,1,1,1,0,0,20181209,20191214
T0+af030,1,1,1,1,1,0,0,20190805,20191214
T0+af030#1,1,1,1,1,1,0,0,20190726,20191214
T0+b5x20,1,1,1,0,0,0,0,20190726,20191214
T0+b9w20,1,1,1,1,0,0,0,20190704,20190930
T0+bsw20,0,0,0,0,1,0,0,20190704,20190930
T0+bsw20#1,0,0,0,0,1,0,0,20190726,20191214
T0+bwn20,1,1,1,0,0,0,0,20190416,20190910
T0+c6530,0,0,0,1,1,0,0,20190726,20191214
T0+c7m20,0,1,0,0,1,0,0,20190416,20190910
T0+c8k20,0,0,1,0,1,0,0,20190416,20190910
T0+c9330,1,1,1,1,1,0,0,20190726,20191214
T0+cjo20,1,0,0,0,0,0,0,20190416,20190910
T0+d5l20,1,1,1,1,1,0,0,20190416,20190910
T0+d9k20,1,1,1,1,0,0,0,20190416,20190910
T0+dak20,1,1,0,1,1,0,0,20190416,20190910
T0+dd330,1,1,0,0,1,0,0,20190726,20191214
T0+dew20,1,1,1,1,1,0,0,20190704,20190930
T0+e0f30,1,1,1,1,1,0,0,20190805,20191214
T0+eaz20,1,1,0,1,0,0,0,20190704,20190930
T0+ego20,0,0,0,0,1,0,0,20190416,20190910
T0+es830,1,1,0,1,1,0,0,20190805,20191214
T0+ex630,1,1,1,1,1,0,0,20190726,20191214
T0+fcl20,0,0,1,1,0,0,0,20190416,20190910
T0+fhy20,0,0,0,1,1,0,0,20190704,20190930
T0+gcb20,1,1,1,1,1,0,0,20190401,20191214
T0+gfy20,0,0,0,0,1,0,0,20190726,20191214
T0+gfy20#1,0,0,0,0,1,0,0,20190704,20190930
T0+gko20,0,0,0,1,1,0,0,20190416,20190910
T0+gp230,1,0,1,1,0,0,0,20190726,20191214
T0+gp230#1,1,0,1,1,0,0,0,20190805,20191214
T0+gr230,0,0,0,1,0,0,0,20190726,20191214
T0+gr230#1,0,0,0,1,0,0,0,20190805,20191214
T0+h9d30,0,0,0,1,1,0,0,20190805,20191214
T0+hn930,0,0,0,0,1,0,0,20190805,20191214
T0+ho230,0,1,0,0,1,0,0,20190726,20191214
T0+i4530,1,0,0,0,0,0,0,20190726,20191214
T0+i4530#1,1,0,0,0,0,0,0,20190805,20191214
T0+i5l20,1,1,1,1,1,0,0,20190416,20190910
T0+i8m20,1,1,1,0,1,0,0,20190416,20190910
T0+io830,1,1,1,1,1,0,0,20190805,20191214
T0+ixw20,0,0,1,1,0,0,0,20190704,20190930
T0+j2f30,1,1,1,1,1,0,0,20190805,20191214
T0+j5w20,1,1,1,1,1,0,0,20190704,20190930
T0+j6130,0,0,1,0,0,0,0,20190726,20191214
T0+j6130#1,0,0,1,0,0,0,0,20190805,20191214
T0+j8430,1,0,1,0,1,0,0,20190726,20191214
T0+j8c30,1,0,1,0,1,0,0,20190805,20191214
T0+j8w20,1,1,0,1,0,0,0,20190704,20190930
T0+jfn20,1,0,1,0,1,0,0,20190416,20190910
T0+k1y20,1,0,1,0,1,0,0,20190704,20190930
T0+ka130,1,1,1,1,1,0,0,20190726,20191214
T0+kt530,1,0,0,0,1,0,0,20190726,20191214
T0+kud30,1,0,0,0,1,0,0,20190805,20191214
T0+kva30,1,0,1,1,1,0,0,20190805,20191214
T0+kx630,1,1,1,1,0,0,0,20190726,20191214
T0+l5p20,0,1,1,0,0,0,0,20190416,20190910
T0+lww20,1,1,0,0,0,0,0,20190704,20190930
T0+lyx20,1,1,1,1,1,0,0,20190704,20190930
T0+m8030,0,0,1,0,1,0,0,20190726,20191214
T0+mh530,0,1,1,0,1,0,0,20190726,20191214
T0+n3l20,0,0,0,0,1,0,0,20190416,20190910
T0+nm230,1,0,1,0,0,0,0,20190726,20191214
T0+nm230#1,1,0,1,0,0,0,0,20190805,20191214
T0+nu630,1,1,0,1,0,0,0,20190726,20191214
T0+nu630#1,1,1,0,1,0,0,0,20190805,20191214
T0+nwo20,1,0,0,1,0,0,0,20190416,20190910
T0+ogy20,0,1,1,1,1,0,0,20190704,20190930
T0+oxk20,0,1,1,1,1,0,0,20190416,20190910
T0+p5130,1,1,1,1,1,0,0,20190726,20191214
T0+p7d30,0,1,1,1,1,0,0,20190805,20191214
T0+pox20,1,1,1,1,1,0,0,20190704,20190930
T0+pww20,1,1,0,0,0,0,0,20190704,20190930
T0+q5m20,1,0,1,1,0,0,0,20190416,20190910
T0+q6m20,1,0,1,1,1,0,0,20190416,20190910
T0+q7k20,1,1,0,1,0,0,0,20190416,20190910
T0+qg430,1,1,1,1,0,0,0,20190726,20191214
T0+qg430#1,1,1,1,1,0,0,0,20190805,20191214
T0+qh130,1,1,0,0,0,0,0,20190726,20191214
T0+qh130#1,1,1,0,0,0,0,0,20190805,20191214
T0+qj130,0,0,1,1,0,0,0,20190726,20191214
T0+qj130#1,0,0,1,1,0,0,0,20190805,20191214
T0+qya30,1,1,1,0,1,0,0,20190805,20191214
T0+r8m20,0,0,0,1,0,0,0,20190416,20190910
T0+rdx20,1,0,1,0,0,0,0,20190704,20190930
T0+rex20,1,0,1,1,1,0,0,20190704,20190930
T0+rm630,1,1,1,1,0,0,0,20190805,20191214
T0+rp230,0,1,0,0,0,0,0,20190726,20191214
T0+rp230#1,0,1,0,0,0,0,0,20190805,20191214
T0+rrw20,0,0,1,0,0,0,0,20190704,20190930
T0+sfx20,1,1,1,0,1,0,0,20190704,20190930
T0+t5,0,0,0,0,1,0,0,20190401,20191214
T0+tgk20,1,1,0,1,1,0,0,20190416,20190910
T0+tgy20,1,0,0,0,0,0,0,20190704,20190930
T0+tn230,1,0,1,1,1,0,0,20190726,20191214
T0+ton20,1,1,1,1,0,0,0,20190416,20190910
T0+tr,1,0,1,0,1,0,0,20190805,20191214
T0+tr#1,1,0,1,0,1,0,0,20190416,20190910
T0+tr#2,1,0,1,0,1,0,0,20190704,20190930
T0+tr#3,1,0,1,0,1,0,0,20190726,20191214
T0+try20,0,1,1,0,0,0,0,20190704,20190930
T0+u1430,1,1,1,1,1,0,0,20190726,20191214
T0+u8w20,0,0,1,0,1,0,0,20190704,20190930
T0+uz830,1,1,1,1,1,0,0,20190805,20191214
T0+v9030,1,1,1,1,0,0,0,20190726,20191214
T0+v9030#1,1,1,1,1,0,0,0,20190805,20191214
T0+vbl20,1,1,0,0,1,0,0,20190416,20190910
T0+vhx20,1,1,0,0,0,0,0,20190704,20190930
T0+vs530,0,1,1,0,0,0,0,20190726,20191214
T0+vs530#1,0,1,1,0,0,0,0,20190805,20191214
T0+vsw20,1,1,1,1,1,0,0,20190704,20190930
T0+vv630,1,1,1,1,1,0,0,20190726,20191214
T0+w7030,1,1,0,1,0,0,0,20190726,20191214
T0+w7030#1,1,1,0,1,0,0,0,20190805,20191214
T0+w9w20,1,1,0,1,1,0,0,20190704,20190930
T0+wcq20,1,1,1,1,1,0,0,20190416,20190910
T0+x3k20,1,1,1,1,1,0,0,20190416,20190910
T0+x4m20,1,0,1,0,0,0,0,20190416,20190910
T0+x6k20,1,1,1,1,1,0,0,20190416,20190910
T0+xdw20,1,1,0,1,1,0,0,20190704,20190930
T0+xfx20,0,0,0,1,0,0,0,20190704,20190930
T0+y6030,1,1,1,1,1,0,0,20190726,20191214
T0+y8130,1,1,1,1,1,0,0,20190726,20191214
T0+y9q20,1,1,0,1,0,0,0,20190416,20190910
T0+yal20,1,1,0,0,0,0,0,20190416,20190910
T0+zal20,1,1,0,0,0,0,0,20190416,20190910
T0+zjl20,0,1,0,1,0,0,0,20190416,20190910
T0+zm430,1,1,1,0,0,0,0,20190726,20191214
T0+zm430#1,1,1,1,0,0,0,0,20190805,20191214
T0+zny20,0,1,1,0,1,0,0,20190704,20190930
T2,0,0,0,0,0,1,0,20190416,20190910
T2#1,0,0,0,0,0,1,0,20190704,20190930
T2#2,0,0,0,0,0,1,0,20190726,20191214
T2#3,0,0,0,0,0,1,0,20190805,20191214
T2#4,0,0,0,0,0,1,0,20190401,20191214
T2#5,0,0,0,0,0,1,0,20181209,20191214
T2+208,0,0,0,0,0,1,0,20190726,20191214
T2+7c130,0,0,0,0,0,1,0,20190726,20191214
T2+mbb20,0,0,0,0,0,1,0,20190401,20191214
T2+nbb20,0,0,0,0,0,1,0,20190401,20191214
T2+wz,0,0,0,0,0,1,0,20181209,20191214
T3,0,0,0,0,0,0,1,20190416,20190910
T3#1,0,0,0,0,0,0,1,20190704,20190930
T3#2,0,0,0,0,0,0,1,20190726,20191214
T3#3,0,0,0,0,0,0,1,20190805,20191214
T3#4,0,0,0,0,0,0,1,20190401,20191214
T3#5,0,0,0,0,0,0,1,20181209,20191214
T3+209,0,0,0,0,0,0,1,20190726,20191214
T3+4a130,0,0,0,0,0,0,1,20190726,20191214
T3+98,0,1,1,0,0,0,0,20181209,20191214
T3+99,0,0,0,0,0,0,1,20181209,20191214
T3+obb20,0,0,0,0,1,0,1,20190401,20191214
T3+pbb20,0,0,0,0,0,0,1,20190401,20191214
T3+xc,0,1,1,0,0,0,0,20181209,20191214
